Lp.	p1.1	p1.2	p1.3	p1.4	p1.5	p1.6	p1.7	p1.8	p2.1	p2.2	p2.3	p2.4	p2.5	p2.6	p2.7	p2.8	p3.1	p3.2	p3.3	p3.4	p3.5	p3.6	p3.7	p3.8	p4.1	p4.2	p4.3	p4.4	p4.5	p4.6	p4.7	p4.8	p5.1	p5.2	p5.3	p5.4	p5.5	p5.6	p5.7	p5.8	p6.1	p6.2	p6.3	p6.4	p6.5	p6.6	p6.7	p6.8	p7.1	p7.2	p7.3	p7.4	p7.5	p7.6	p7.7	p7.8	p8.1	p8.2	p8.3	p8.4	p8.5	p8.6	p8.7	p8.8	p9.1	p9.2	p9.3	p9.4	p9.5	p9.6	p9.7	p9.8	p10.1	p10.2	p10.3	p10.4	p10.5	p10.6	p10.7	p10.8	Klasa
1	255	255	0	0	0	0	255	255	255	0	255	255	255	255	0	255	0	255	255	255	255	255	255	0	0	255	255	255	255	255	255	0	0	255	255	255	255	255	255	0	0	255	255	255	255	255	255	0	0	255	255	255	255	255	255	0	0	255	255	255	255	255	255	0	255	0	255	255	255	255	0	255	255	255	0	0	0	0	255	255	O
2	255	255	0	0	0	0	255	255	255	0	255	255	255	255	0	255	0	0	255	255	255	255	0	0	0	0	255	255	255	255	0	0	0	0	255	255	255	255	255	0	0	0	255	255	255	255	255	0	0	0	255	255	255	255	255	0	0	0	255	255	255	255	255	0	255	0	255	255	255	255	0	255	255	255	0	0	0	0	255	255	O
3	255	255	0	0	0	0	255	255	255	0	255	255	255	255	0	255	0	0	255	255	255	255	0	0	0	0	255	255	255	255	0	0	0	255	255	255	255	255	0	0	0	255	255	255	255	255	0	0	0	255	255	255	255	255	0	0	0	255	255	255	255	255	0	0	255	0	255	255	255	255	0	255	255	255	0	0	0	0	255	255	O
4	255	255	0	0	0	0	255	255	255	0	255	255	255	0	0	255	0	0	255	255	255	255	255	0	0	0	255	255	255	255	255	0	0	0	255	255	255	255	255	0	0	0	255	255	255	255	255	0	0	0	255	255	255	255	255	0	0	0	255	255	255	255	255	0	255	0	255	255	255	0	0	255	255	255	0	0	0	0	255	255	O
5	255	255	0	0	0	0	255	255	255	0	0	0	0	0	0	255	0	255	255	255	255	255	255	0	0	255	255	255	255	255	255	0	0	255	255	255	255	255	255	0	0	255	255	255	255	255	255	0	0	255	255	255	255	255	255	0	0	255	255	255	255	255	255	0	255	0	0	0	0	0	0	255	255	255	0	0	0	0	255	255	O
6	255	255	0	0	0	0	255	255	255	0	0	0	0	0	0	255	0	255	255	255	255	255	0	0	0	255	255	255	255	255	0	0	0	255	255	255	255	255	255	0	0	255	255	255	255	255	255	0	0	0	255	255	255	255	255	0	0	0	255	255	255	255	255	0	255	0	255	255	255	255	0	255	255	255	0	0	0	0	255	255	O
7	255	255	0	0	0	0	255	255	255	0	255	255	255	255	0	255	0	255	255	255	255	255	255	0	0	255	255	255	255	255	255	0	0	0	255	255	255	255	255	0	0	0	255	255	255	255	255	0	0	0	255	255	255	255	255	0	0	0	255	255	255	255	255	0	255	0	0	0	0	0	0	255	255	255	0	0	0	0	255	255	O
8	255	255	0	0	0	0	255	255	255	0	255	255	255	255	0	255	0	255	255	255	255	255	0	0	0	255	255	255	255	255	0	0	0	255	255	255	255	255	0	0	0	0	255	255	255	255	0	0	0	0	255	255	255	255	0	0	0	0	255	255	255	255	255	0	255	0	255	255	255	255	0	255	255	255	0	0	0	0	255	255	O
9	255	255	0	0	0	0	255	255	255	0	255	255	255	255	0	255	0	255	255	255	255	255	255	0	0	0	255	255	255	255	0	0	0	0	255	255	255	255	0	0	0	0	255	255	255	255	0	0	0	255	255	255	255	255	255	0	0	255	255	255	255	255	255	0	255	0	255	0	0	255	0	255	255	255	0	0	0	0	255	255	O
10	255	255	0	0	0	0	255	255	255	0	255	0	0	255	0	255	0	0	255	255	255	255	0	0	0	0	255	255	255	255	0	0	0	255	255	255	255	255	255	0	0	255	255	255	255	255	255	0	0	255	255	255	255	255	255	0	0	255	255	255	255	255	255	0	255	0	255	0	0	255	0	255	255	255	0	0	0	0	255	255	O
11	255	255	0	0	0	0	0	255	255	0	255	255	255	255	255	0	0	255	255	255	255	255	255	255	0	255	255	255	255	255	255	255	255	0	255	255	255	255	255	255	255	255	0	0	0	0	0	255	255	255	255	255	255	255	255	0	255	255	255	255	255	255	255	0	0	255	255	255	255	255	0	255	255	0	0	0	0	0	255	255	S
12	255	255	0	0	0	0	0	255	0	0	255	255	255	255	255	0	0	0	255	255	255	255	255	255	0	0	255	255	255	255	255	255	0	0	255	255	255	255	255	255	255	255	0	0	0	0	0	0	255	255	255	255	255	255	0	0	255	255	255	255	255	255	0	0	0	255	255	255	255	255	0	0	255	0	0	0	0	0	255	255	S
13	255	255	0	0	0	0	0	255	255	0	0	0	0	0	0	0	0	255	255	255	255	255	255	255	0	255	255	255	255	255	255	255	255	0	0	0	0	0	255	255	255	0	0	0	0	0	0	255	255	255	255	255	255	255	255	0	255	255	255	255	255	255	255	0	0	255	255	255	255	255	0	255	255	0	0	0	0	0	255	255	S
14	255	255	0	0	0	0	0	255	255	0	255	255	255	255	255	0	0	0	255	255	255	255	255	255	0	0	255	255	255	255	255	255	255	0	255	255	255	255	255	255	255	255	0	0	0	0	0	255	255	255	0	0	0	0	0	0	255	255	255	255	255	255	0	0	0	255	255	255	255	255	0	255	255	0	0	0	0	0	255	255	S
15	255	255	0	0	0	0	0	255	255	0	0	0	0	0	0	0	0	255	255	255	255	255	255	255	0	255	255	255	255	255	255	255	255	0	255	255	255	255	255	255	255	255	0	0	0	0	0	255	255	255	255	255	255	255	255	0	255	255	255	255	255	255	255	0	0	0	0	0	0	0	0	255	255	0	0	0	0	0	255	255	S
16	0	0	0	0	0	0	0	0	0	0	255	255	255	255	255	0	0	255	255	255	255	255	255	255	0	255	255	255	255	255	255	255	255	0	255	255	255	255	255	255	255	255	0	0	0	0	0	0	255	255	255	255	255	255	255	0	255	255	255	255	255	255	255	0	0	255	255	255	255	255	0	0	255	0	0	0	0	0	0	0	S
17	255	255	0	0	0	0	0	255	255	0	0	255	255	255	255	0	0	0	0	255	255	255	255	255	0	0	0	255	255	255	255	255	255	0	0	255	255	255	255	255	255	255	0	0	0	0	0	255	255	255	255	255	255	0	0	0	255	255	255	255	255	0	0	0	0	255	255	255	255	0	0	255	255	0	0	0	0	0	255	255	S
18	255	255	0	0	0	0	0	0	255	0	0	0	0	0	0	0	0	255	255	255	255	255	255	0	0	255	255	255	255	255	255	255	255	0	255	255	255	255	255	255	255	255	0	0	0	0	0	255	255	255	255	255	255	255	255	0	0	255	255	255	255	255	255	0	0	0	0	0	0	0	0	255	0	0	0	0	0	0	255	255	S
19	255	255	0	0	0	0	0	0	255	0	0	0	0	0	0	0	0	255	255	255	255	255	255	255	0	255	255	255	255	255	255	255	255	0	255	255	255	255	255	255	255	255	0	0	0	0	0	0	255	255	255	255	255	255	0	0	255	255	255	255	255	255	0	0	0	255	255	255	255	255	0	0	255	0	0	0	0	0	0	0	S
20	255	255	0	0	0	0	0	255	255	0	255	255	255	255	255	0	0	255	255	255	255	255	255	255	0	255	255	255	255	255	255	255	255	0	0	0	0	0	0	0	255	0	0	0	0	0	0	0	255	0	0	0	0	0	0	0	255	255	255	255	255	255	255	0	0	255	255	255	255	255	0	255	255	0	0	0	0	0	255	255	S
21	255	255	255	0	0	255	255	255	255	255	0	255	255	0	255	255	255	0	255	255	255	255	0	255	0	255	255	255	255	255	255	0	0	255	255	255	255	255	255	0	0	0	0	0	0	0	0	0	0	0	0	0	0	0	0	0	0	0	255	255	255	255	0	0	0	0	255	255	255	255	0	0	0	0	255	255	255	255	0	0	A
22	255	255	255	0	0	255	255	255	255	255	0	0	0	0	255	255	255	0	0	255	255	0	0	255	0	0	255	255	255	255	0	0	0	0	255	255	255	255	0	0	0	0	255	255	255	255	0	0	0	0	0	0	0	0	0	0	0	255	255	255	255	255	255	0	0	255	255	255	255	255	255	0	0	255	255	255	255	255	255	0	A
23	255	255	255	0	0	255	255	255	255	255	0	0	0	0	255	255	255	0	255	255	255	255	0	255	0	0	255	255	255	255	0	0	0	0	255	255	255	255	0	0	0	0	255	255	255	255	0	0	0	0	0	0	0	0	0	0	0	0	255	255	255	255	0	0	0	0	255	255	255	255	0	0	0	0	255	255	255	255	0	0	A
24	255	0	0	0	0	0	0	255	255	0	0	0	0	0	0	255	0	0	255	255	255	255	0	0	0	255	255	255	255	255	255	0	0	255	255	255	255	255	255	0	0	255	255	255	255	255	255	0	0	0	0	0	0	0	0	0	0	0	0	0	0	0	0	0	0	255	255	255	255	255	255	0	0	255	255	255	255	255	255	0	A
25	255	255	255	0	0	255	255	255	255	255	0	255	255	0	255	255	255	0	0	255	255	255	0	255	0	0	0	255	255	255	255	0	0	0	0	255	255	255	255	0	0	0	0	255	255	255	255	0	0	0	0	0	0	0	0	0	0	255	255	255	255	255	0	0	0	255	255	255	255	255	0	0	0	255	255	255	255	255	0	0	A
26	255	255	255	0	0	255	255	255	255	255	0	0	0	0	255	255	255	0	0	0	0	0	0	255	0	255	255	255	255	255	255	0	0	255	255	255	255	255	255	0	0	255	255	255	255	255	255	0	0	0	0	0	0	0	0	0	0	0	0	0	0	0	0	0	0	255	255	255	255	255	255	0	0	255	255	255	255	255	255	0	A
27	255	255	255	0	0	255	255	255	255	255	0	0	0	0	255	255	255	0	255	255	255	255	0	255	0	255	255	255	255	255	0	0	0	255	255	255	255	255	0	0	0	255	255	255	255	255	0	0	0	0	0	0	0	0	0	0	0	0	255	255	255	255	255	0	0	0	255	255	255	255	255	0	0	0	255	255	255	255	255	0	A
28	255	255	255	0	0	255	255	255	255	255	0	0	0	0	255	255	255	0	0	255	255	0	0	255	0	255	255	255	255	255	255	0	0	255	255	255	255	255	255	0	0	255	255	255	255	255	255	0	0	0	0	0	0	0	0	0	0	0	0	0	0	0	0	0	0	0	255	255	255	255	255	0	0	0	255	255	255	255	255	0	A
29	255	255	255	0	0	255	255	255	255	0	0	0	0	0	0	255	255	0	0	255	255	0	0	255	0	0	255	255	255	255	0	0	0	0	255	255	255	255	255	0	0	0	255	255	255	255	255	0	0	0	0	0	0	0	0	0	0	255	255	255	255	255	0	0	0	255	255	255	255	255	0	0	0	255	255	255	255	255	0	0	A
30	0	0	0	0	0	0	0	0	0	0	0	255	255	0	0	0	0	0	255	255	255	255	0	0	0	255	255	255	255	255	255	0	0	255	255	255	255	255	255	0	0	255	255	255	255	255	255	0	0	0	0	0	0	0	0	0	0	255	255	255	255	255	255	0	0	255	255	255	255	255	255	0	0	255	255	255	255	255	255	0	A
31	0	255	255	255	255	0	0	0	0	255	255	255	0	255	255	255	0	255	255	0	255	255	255	255	0	255	0	255	255	255	255	255	0	0	255	255	255	255	255	255	0	255	0	255	255	255	255	255	0	255	255	0	255	255	255	255	0	255	255	255	0	255	255	255	0	255	255	255	255	0	255	255	0	255	255	255	255	255	0	0	K
32	0	255	255	255	255	0	0	0	0	255	255	255	0	0	255	255	0	255	255	0	0	255	255	255	0	255	0	0	255	255	255	255	0	0	0	0	255	255	255	255	0	255	0	0	255	255	255	255	0	255	255	0	0	255	255	255	0	255	255	255	0	0	255	255	0	255	255	255	255	0	0	255	0	255	255	255	255	255	0	0	K
33	0	0	255	255	255	0	0	0	0	0	255	255	0	255	255	255	0	0	255	0	255	255	255	255	0	0	0	255	255	255	255	255	0	0	255	255	255	255	255	255	0	0	0	255	255	255	255	255	0	0	255	0	255	255	255	255	0	0	255	255	0	255	255	255	0	0	255	255	255	0	255	255	0	0	255	255	255	255	0	0	K
34	0	0	255	255	255	0	0	0	0	0	255	255	0	255	255	0	0	0	255	0	255	255	255	255	0	0	0	255	255	255	255	255	0	0	255	255	255	255	255	255	0	0	0	255	255	255	255	255	0	0	255	0	255	255	255	255	0	0	255	255	0	255	255	255	0	0	255	255	255	0	255	0	0	0	255	255	255	255	0	0	K
35	0	0	255	255	255	0	0	0	0	0	255	255	0	0	0	0	0	0	255	0	255	255	255	255	0	0	0	255	255	255	255	255	0	0	255	255	255	255	255	255	0	255	0	255	255	255	255	255	0	255	255	0	255	255	255	255	0	255	255	255	0	255	255	255	0	255	255	255	255	0	0	0	0	255	255	255	255	255	0	0	K
36	0	255	255	255	255	0	0	0	0	255	255	255	0	0	0	0	0	255	255	0	255	255	255	255	0	255	0	255	255	255	255	255	0	0	255	255	255	255	255	255	0	0	0	255	255	255	255	255	0	0	255	0	255	255	255	255	0	0	255	255	0	255	255	255	0	0	255	255	255	0	255	255	0	0	255	255	255	255	0	0	K
37	0	0	255	255	255	0	0	0	0	0	255	255	0	0	0	0	0	0	255	0	255	255	255	0	0	0	0	255	255	255	255	255	0	0	255	255	255	255	255	255	0	255	0	255	255	255	255	255	0	255	255	0	255	255	255	255	0	255	255	255	0	255	255	0	0	255	255	255	255	0	0	0	0	255	255	255	255	255	0	0	K
38	0	255	255	255	255	0	0	0	0	255	255	255	0	255	0	0	0	0	0	0	255	255	255	255	0	0	0	255	255	255	255	255	0	0	255	255	255	255	255	255	0	0	0	255	255	255	255	255	0	0	0	0	255	255	255	255	0	255	255	255	0	255	255	255	0	255	255	255	255	0	0	0	0	255	255	255	255	255	0	0	K
39	0	255	255	255	255	0	0	0	0	255	255	255	0	0	0	0	0	255	255	0	255	0	0	0	0	255	0	255	255	255	255	255	0	0	255	255	255	255	255	255	0	255	0	255	255	255	255	255	0	255	255	0	255	255	255	255	0	255	255	255	0	0	0	0	0	255	255	255	255	0	0	0	0	255	255	255	255	255	0	0	K
40	0	0	255	255	255	0	0	0	0	0	255	255	0	0	255	255	0	0	255	0	0	255	255	255	0	0	0	0	255	255	255	255	0	0	0	255	255	255	255	255	0	255	0	0	255	255	255	255	0	255	255	0	0	255	255	255	0	255	255	255	0	0	255	255	0	255	255	255	255	0	0	255	0	255	255	255	255	255	0	0	K
41	255	0	0	0	0	0	0	255	0	255	255	255	255	255	255	0	255	255	255	255	255	255	255	0	255	255	255	255	255	255	255	0	255	255	255	255	255	255	255	0	255	0	0	0	0	0	0	255	255	255	255	255	255	255	255	0	255	255	255	255	255	255	255	0	0	255	255	255	255	255	255	0	255	0	0	0	0	0	0	255	3
42	255	0	0	0	0	0	0	255	0	0	0	0	0	0	0	0	255	255	255	255	255	255	255	0	255	255	255	255	255	255	255	0	255	255	255	255	255	255	255	0	255	0	0	0	0	0	0	255	255	255	255	255	255	255	255	0	255	255	255	255	255	255	255	0	0	0	0	0	0	0	0	0	255	0	0	0	0	0	0	255	3
43	255	0	0	0	0	0	0	255	0	255	255	255	255	255	0	0	255	255	255	255	255	255	0	0	255	255	255	255	255	255	0	0	255	255	255	255	255	255	0	0	255	0	0	0	0	0	0	255	255	255	255	255	255	255	0	0	255	255	255	255	255	255	0	0	0	255	255	255	255	255	0	0	255	0	0	0	0	0	0	255	3
44	255	0	0	0	0	0	0	255	0	0	0	0	0	0	0	0	255	255	255	255	255	255	255	0	255	255	255	255	255	255	255	0	255	255	255	255	255	255	255	0	255	0	0	0	0	0	0	255	255	255	255	255	255	255	0	0	255	255	255	255	255	255	0	0	0	255	255	255	255	255	0	0	255	0	0	0	0	0	0	255	3
45	255	0	0	0	0	0	0	255	0	255	255	255	255	255	0	0	255	255	255	255	255	255	0	0	255	255	255	255	255	255	0	0	255	255	255	255	255	255	0	0	255	0	0	0	0	0	0	255	255	255	255	255	255	255	255	0	255	255	255	255	255	255	255	0	0	0	0	0	0	0	0	0	255	0	0	0	0	0	0	255	3
46	255	0	0	0	0	0	0	0	0	255	255	255	255	255	255	0	255	255	255	255	255	255	255	0	255	255	255	255	255	255	255	0	255	255	255	255	255	255	255	0	255	0	0	0	0	0	0	0	255	0	0	0	0	0	0	0	255	255	255	255	255	255	255	0	0	255	255	255	255	255	255	0	255	0	0	0	0	0	0	0	3
47	255	0	0	0	0	0	0	255	0	0	0	0	0	0	0	0	255	255	255	255	255	255	255	0	255	255	255	255	255	255	255	0	255	0	0	0	0	0	0	0	255	0	0	0	0	0	0	255	255	255	255	255	255	255	255	0	255	255	255	255	255	255	255	0	0	255	255	255	255	255	255	0	255	0	0	0	0	0	0	255	3
48	255	0	0	0	0	0	0	255	0	255	255	255	255	255	255	0	255	255	255	255	255	255	255	0	255	255	255	255	255	255	255	0	255	0	0	0	0	0	0	0	255	0	0	0	0	0	0	255	255	255	255	255	255	255	255	0	255	255	255	255	255	255	255	0	0	0	0	0	0	0	0	0	255	0	0	0	0	0	0	255	3
49	255	0	0	0	0	0	0	255	0	255	255	255	255	255	0	0	255	255	255	255	255	255	0	0	255	255	255	255	255	255	0	0	255	255	255	255	255	255	0	0	255	0	0	0	0	0	0	255	255	0	0	0	0	0	0	0	255	255	255	255	255	255	0	0	0	255	255	255	255	255	0	0	255	0	0	0	0	0	0	255	3
50	255	0	0	0	0	0	0	255	0	255	255	0	0	0	0	0	255	255	255	255	255	255	255	0	255	255	255	255	255	255	255	0	255	255	255	255	255	255	255	0	255	0	0	0	0	0	0	255	255	255	255	255	255	255	255	0	255	255	255	255	255	255	255	0	0	255	255	0	0	0	0	0	255	0	0	0	0	0	0	255	3
