Lp.	p1.1	p1.2	p1.3	p1.4	p1.5	p1.6	p1.7	p1.8	p2.1	p2.2	p2.3	p2.4	p2.5	p2.6	p2.7	p2.8	p3.1	p3.2	p3.3	p3.4	p3.5	p3.6	p3.7	p3.8	p4.1	p4.2	p4.3	p4.4	p4.5	p4.6	p4.7	p4.8	p5.1	p5.2	p5.3	p5.4	p5.5	p5.6	p5.7	p5.8	p6.1	p6.2	p6.3	p6.4	p6.5	p6.6	p6.7	p6.8	p7.1	p7.2	p7.3	p7.4	p7.5	p7.6	p7.7	p7.8	p8.1	p8.2	p8.3	p8.4	p8.5	p8.6	p8.7	p8.8	p9.1	p9.2	p9.3	p9.4	p9.5	p9.6	p9.7	p9.8	p10.1	p10.2	p10.3	p10.4	p10.5	p10.6	p10.7	p10.8	Klasa
1	152	255	0	0	184	0	255	255	215	0	255	255	255	255	163	255	0	255	255	255	255	255	255	113	13	34	255	255	255	255	255	0	0	3	255	255	255	255	108	88	0	255	183	255	255	125	139	0	61	87	255	231	255	255	205	0	0	13	255	78	116	255	255	0	255	0	255	255	255	227	0	158	255	255	0	5	0	0	156	255	O
2	255	62	77	80	0	0	255	255	255	0	255	255	255	255	0	255	50	255	255	193	94	255	255	168	19	255	255	255	255	255	255	233	0	28	255	255	255	12	66	0	0	255	255	255	255	29	23	9	236	247	25	179	255	104	255	0	0	255	131	54	203	148	255	37	255	118	171	255	98	255	0	255	255	255	0	0	179	253	66	30	O
3	240	47	199	0	0	0	208	56	102	0	122	255	3	255	144	230	0	255	194	255	255	255	255	0	0	186	173	37	28	49	200	0	230	255	10	39	255	186	36	0	0	255	164	31	255	255	255	0	0	57	255	255	159	255	53	0	68	255	187	196	56	198	255	61	255	0	176	255	255	255	0	216	255	252	0	85	0	188	212	76	O
4	255	107	0	0	173	231	154	181	150	0	81	61	184	255	0	114	186	216	47	255	255	37	255	0	0	255	255	255	255	195	255	113	249	5	255	67	94	253	204	163	0	255	255	255	71	3	255	0	98	150	168	187	255	81	40	0	0	255	255	6	109	102	200	172	188	109	255	255	127	200	32	178	131	255	0	229	238	231	153	224	O
5	118	255	48	143	88	0	36	255	132	85	255	56	215	255	173	255	0	255	255	155	163	255	205	0	71	255	183	237	238	255	76	0	245	139	16	210	56	194	65	255	0	26	50	230	234	107	28	0	214	255	50	225	214	230	255	0	94	169	167	48	123	23	68	26	236	0	194	234	80	255	0	37	255	255	92	0	84	124	146	221	O
6	7	255	0	0	0	165	0	226	231	0	255	255	255	175	255	0	0	255	255	255	255	255	255	9	145	46	255	255	255	255	255	255	255	0	255	156	255	251	102	255	60	109	0	178	59	0	0	255	255	255	255	255	74	255	255	0	255	74	255	255	90	255	255	194	0	233	255	56	255	255	0	255	255	0	157	184	65	0	255	255	S
7	48	255	0	0	0	227	0	17	255	218	255	155	175	255	89	0	231	197	228	255	193	255	16	255	0	255	76	83	255	255	89	255	29	0	69	255	158	255	255	191	255	217	69	104	0	178	0	61	255	255	255	255	255	255	255	0	194	255	171	255	180	255	255	0	0	255	255	100	255	255	181	255	255	0	0	84	0	0	35	60	S
8	96	255	174	239	171	0	0	179	195	232	255	255	255	255	255	0	69	71	131	17	255	255	252	255	0	160	255	235	20	190	228	8	255	0	235	255	255	64	255	255	255	33	0	33	0	0	0	2	251	255	6	90	255	29	255	191	170	255	255	165	60	255	255	228	0	72	48	226	212	255	0	255	132	78	0	246	0	23	255	255	S
9	93	206	46	0	76	44	117	255	255	0	255	255	255	238	255	69	0	193	255	2	255	155	146	255	0	255	255	255	255	163	62	255	74	49	214	255	255	42	16	255	255	119	0	25	212	108	69	205	255	205	255	145	69	139	255	243	173	100	115	255	233	133	255	0	123	9	19	92	108	255	0	17	24	0	108	138	0	229	242	40	S
10	185	19	0	42	116	0	4	255	102	37	255	41	248	6	116	77	85	79	88	79	223	255	255	255	42	118	116	89	255	255	252	94	162	173	219	30	78	171	56	17	224	117	81	61	0	252	178	255	244	242	215	255	255	255	140	0	255	255	202	255	38	255	18	0	58	106	236	255	131	105	0	96	255	52	89	0	224	169	34	98	S
11	255	255	255	101	3	255	79	255	122	255	0	255	69	0	20	255	255	0	255	255	255	255	0	255	86	255	255	255	255	255	255	0	0	30	255	113	255	181	255	252	0	255	255	255	255	255	14	0	0	0	0	0	0	0	0	0	98	255	255	255	255	255	226	0	209	30	130	255	255	249	255	0	0	104	198	255	164	67	89	63	A
12	255	255	255	0	134	93	255	255	255	255	0	255	108	0	24	255	255	100	240	255	255	255	0	242	0	255	23	8	255	102	101	0	0	255	255	255	255	91	243	192	24	255	255	255	255	255	255	0	0	254	39	145	93	0	174	0	0	169	255	255	169	88	255	0	182	255	255	197	113	47	174	253	0	255	240	255	111	255	32	0	A
13	188	225	130	142	0	255	88	255	100	255	9	173	255	0	241	255	219	0	255	19	118	255	15	131	61	255	255	146	151	247	255	125	0	144	196	134	255	59	255	0	100	29	255	255	255	255	222	0	214	0	0	124	0	0	0	0	0	255	50	249	108	255	255	0	111	89	52	255	255	255	255	0	0	76	177	159	88	140	255	162	A
14	107	255	255	134	0	13	255	141	255	128	0	209	51	214	114	221	153	78	255	152	105	255	0	33	0	255	140	97	255	150	82	65	178	255	255	139	97	195	255	0	54	255	101	255	255	255	255	243	97	175	5	242	0	231	181	64	18	16	255	255	255	107	255	0	170	48	161	255	255	34	217	0	0	197	144	255	57	1	88	199	A
15	158	123	255	9	0	100	255	10	223	255	88	25	100	243	250	111	30	33	91	255	255	255	79	96	101	47	58	139	218	160	184	35	116	255	168	255	255	211	255	108	0	149	211	255	41	255	255	0	178	15	221	0	233	0	96	0	146	255	48	212	166	69	255	88	173	166	178	12	80	255	165	9	0	140	112	255	144	255	217	14	A
16	0	255	171	129	255	0	0	0	0	207	255	255	0	6	255	255	0	255	255	0	0	255	255	255	0	255	0	255	255	255	255	137	0	0	121	255	255	247	255	233	0	255	69	255	255	143	255	255	191	255	255	0	255	135	90	91	151	97	83	255	0	190	255	255	0	255	217	255	199	0	255	255	0	255	246	55	255	255	0	119	K
17	102	255	67	194	18	0	0	236	130	255	247	252	0	128	255	255	12	255	205	193	255	255	255	231	0	255	66	255	255	196	255	255	220	217	255	187	86	255	194	255	0	255	0	255	120	190	255	255	14	255	255	94	49	133	255	255	0	255	255	255	0	255	255	5	105	255	255	255	255	251	175	255	0	255	255	222	255	203	0	0	K
18	53	255	255	1	52	0	0	119	254	133	170	227	0	255	255	255	0	130	76	0	255	168	58	255	0	255	97	11	255	255	115	255	0	211	203	100	255	255	114	193	93	217	0	1	255	255	226	255	52	255	158	187	111	255	144	255	0	66	255	45	0	255	255	240	211	255	255	32	250	0	255	255	29	93	9	255	255	255	182	105	K
19	0	253	255	221	88	242	0	52	0	255	255	255	86	118	23	24	16	170	167	61	255	45	255	134	0	254	170	255	255	8	53	220	0	137	75	178	214	255	255	255	0	154	0	255	160	27	95	255	166	255	245	88	49	42	79	255	39	255	255	165	0	164	7	106	248	255	1	189	255	0	255	255	129	9	240	37	211	255	52	0	K
20	188	112	185	244	29	0	0	0	66	255	130	128	0	92	217	234	0	25	64	55	215	103	255	158	0	125	114	143	255	8	255	66	134	59	35	126	114	255	246	24	0	255	57	20	165	114	181	33	17	35	203	0	33	255	190	255	89	255	5	255	0	42	214	111	0	225	255	255	88	219	165	227	218	255	166	226	196	255	199	117	K
21	255	250	0	0	193	239	211	255	0	255	255	255	255	255	255	231	255	226	255	160	53	255	255	0	50	255	255	132	255	255	255	0	122	255	240	189	255	255	255	0	255	20	0	0	0	30	0	255	255	255	255	255	255	255	255	23	125	255	255	255	255	255	255	54	0	255	255	195	219	255	255	66	255	155	0	181	0	36	0	255	3
22	255	0	0	0	0	0	198	255	0	167	233	255	151	232	255	0	210	255	255	255	255	255	255	199	255	255	255	255	44	255	217	227	255	108	255	167	135	220	120	0	255	101	94	210	0	0	0	255	199	26	7	255	193	255	255	0	11	120	255	255	255	255	162	0	0	255	255	255	158	183	148	231	255	0	241	0	151	181	0	255	3
23	255	0	0	53	232	0	0	255	190	255	255	94	73	36	255	0	207	255	255	255	119	255	255	222	197	175	255	135	220	255	255	0	255	88	94	255	255	72	255	0	255	102	0	19	12	250	36	255	185	255	126	134	142	179	255	214	255	56	255	255	255	110	150	0	27	185	255	213	253	255	255	11	255	60	0	0	246	157	125	255	3
24	163	0	247	0	0	193	0	169	0	173	255	52	255	171	48	199	255	255	255	50	255	182	150	88	255	255	255	95	255	255	255	152	255	242	9	170	158	255	171	2	156	180	110	36	191	170	229	255	113	2	29	95	19	5	255	0	255	255	255	220	232	95	66	57	133	95	248	158	255	29	72	0	181	219	0	139	0	0	0	255	3
25	230	0	38	100	158	0	112	104	220	88	239	168	38	255	11	4	41	6	255	93	250	255	51	0	77	255	255	255	68	229	82	0	31	252	208	124	255	220	255	177	255	88	106	0	170	224	0	255	232	145	75	255	158	111	255	109	24	255	226	227	249	216	234	170	109	46	69	47	209	201	255	0	176	32	136	0	0	153	45	255	3
26	255	255	0	0	0	0	255	255	255	0	255	255	255	255	0	255	0	255	255	255	255	255	255	0	0	255	255	255	255	255	255	0	0	255	255	255	255	255	255	0	0	255	255	255	255	255	255	0	0	255	255	255	255	255	255	0	0	255	255	255	255	255	255	0	255	0	255	255	255	255	0	255	255	255	0	0	0	0	255	255	O-S
27	255	255	0	0	0	0	255	255	255	0	255	255	255	255	0	255	0	255	255	255	255	255	255	255	0	255	255	255	255	255	255	255	0	255	255	255	255	255	255	255	0	255	255	255	255	255	255	0	0	255	255	255	255	255	255	0	0	255	255	255	255	255	255	0	255	0	255	255	255	255	0	255	255	255	0	0	0	0	255	255	O-S
28	255	255	0	0	0	0	255	255	255	0	255	255	255	255	0	255	0	255	255	255	255	255	255	255	0	255	255	255	255	255	255	255	0	255	255	255	255	255	255	255	0	255	255	255	255	255	255	255	0	255	255	255	255	255	255	255	0	255	255	255	255	255	255	255	255	0	255	255	255	255	0	255	255	255	0	0	0	0	255	255	O-S
29	255	255	0	0	0	0	0	255	255	0	255	255	255	255	255	0	0	255	255	255	255	255	255	255	0	255	255	255	255	255	255	255	255	255	255	255	255	255	255	255	255	255	255	255	255	255	255	255	0	255	255	255	255	255	255	255	0	255	255	255	255	255	255	255	255	0	255	255	255	255	255	0	255	255	0	0	0	0	0	255	O-S
30	255	255	0	0	0	0	0	255	255	0	255	255	255	255	255	0	0	255	255	255	255	255	255	255	0	255	255	255	255	255	255	255	255	0	255	255	255	255	255	255	255	255	255	255	255	255	255	255	255	255	255	255	255	255	255	255	255	255	255	255	255	255	255	255	0	255	255	255	255	255	255	0	255	0	0	0	0	0	0	255	O-S
31	255	255	0	0	0	0	0	255	255	0	255	255	255	255	255	0	0	255	255	255	255	255	255	255	0	255	255	255	255	255	255	255	255	0	255	255	255	255	255	255	255	255	0	0	255	255	255	255	255	255	255	255	255	255	255	255	255	255	255	255	255	255	255	255	0	255	255	255	255	255	255	0	255	0	0	0	0	0	0	255	O-S
32	255	255	0	0	0	0	0	255	255	0	255	255	255	255	255	0	0	255	255	255	255	255	255	255	0	255	255	255	255	255	255	255	255	0	255	255	255	255	255	255	255	255	0	0	0	255	255	255	255	255	255	255	255	255	255	255	255	255	255	255	255	255	255	255	0	255	255	255	255	255	255	0	255	0	0	0	0	0	0	255	O-S
33	255	255	0	0	0	0	0	255	255	0	255	255	255	255	255	0	0	255	255	255	255	255	255	255	0	255	255	255	255	255	255	255	255	0	255	255	255	255	255	255	255	255	0	0	0	0	255	255	255	255	255	255	255	255	255	255	255	255	255	255	255	255	255	255	0	255	255	255	255	255	255	0	255	0	0	0	0	0	0	255	O-S
34	255	255	0	0	0	0	0	255	255	0	255	255	255	255	255	0	0	255	255	255	255	255	255	255	0	255	255	255	255	255	255	255	255	0	255	255	255	255	255	255	255	255	0	0	0	0	255	255	255	255	255	255	255	255	255	0	255	255	255	255	255	255	255	0	0	255	255	255	255	255	0	255	255	0	0	0	0	0	255	255	O-S
35	255	255	0	0	0	0	0	255	255	0	255	255	255	255	255	0	0	255	255	255	255	255	255	255	0	255	255	255	255	255	255	255	255	0	255	255	255	255	255	255	255	255	0	0	0	0	0	255	255	255	255	255	255	255	255	0	255	255	255	255	255	255	255	0	0	255	255	255	255	255	0	255	255	0	0	0	0	0	255	255	O-S
36	255	255	0	0	0	0	0	255	255	0	255	255	255	255	255	0	0	255	255	255	255	255	255	255	0	255	255	255	255	255	255	255	255	0	255	255	255	255	255	255	255	255	0	0	0	0	0	255	255	255	255	255	255	255	255	0	255	255	255	255	255	255	255	0	0	255	255	255	255	255	0	255	255	0	0	0	0	0	255	255	S-A
37	255	255	0	0	0	255	255	255	255	0	255	255	255	255	255	255	0	255	255	255	255	255	255	255	0	255	255	255	255	255	255	255	255	0	255	255	255	255	255	255	255	255	0	0	0	0	0	255	255	255	255	255	255	255	255	0	255	255	255	255	255	255	255	0	0	255	255	255	255	255	0	255	255	0	0	0	0	0	255	255	S-A
38	255	255	255	0	0	255	255	255	255	255	255	255	255	255	255	255	0	255	255	255	255	255	255	255	0	255	255	255	255	255	255	255	255	0	255	255	255	255	255	255	255	255	0	0	0	0	0	255	255	255	255	255	255	255	255	0	255	255	255	255	255	255	255	0	0	255	255	255	255	255	0	255	255	0	0	0	0	0	255	255	S-A
39	255	255	255	0	0	255	255	255	255	255	0	255	255	0	255	255	255	0	255	255	255	255	0	255	0	255	255	255	255	255	255	255	255	0	255	255	255	255	255	255	255	255	0	0	0	0	0	255	255	255	255	255	255	255	255	0	255	255	255	255	255	255	255	0	0	255	255	255	255	255	0	255	255	0	0	0	0	0	255	255	S-A
40	255	255	255	0	0	255	255	255	255	255	0	255	255	0	255	255	255	0	255	255	255	255	0	255	0	255	255	255	255	255	255	0	255	255	255	255	255	255	255	255	255	255	255	255	0	0	0	255	255	255	255	255	255	255	255	0	255	255	255	255	255	255	255	0	0	255	255	255	255	255	0	255	255	0	0	0	0	0	255	255	S-A
41	255	255	255	0	0	255	255	255	255	255	0	255	255	0	255	255	255	0	255	255	255	255	0	255	0	255	255	255	255	255	255	0	0	255	255	255	255	255	255	0	0	255	255	255	255	255	255	0	255	255	255	255	255	255	255	0	255	255	255	255	255	255	255	0	0	255	255	255	255	255	0	255	255	0	0	0	0	0	255	255	S-A
42	255	255	255	0	0	255	255	255	255	255	0	255	255	0	255	255	255	0	255	255	255	255	0	255	0	255	255	255	255	255	255	0	0	255	255	255	255	255	255	0	0	255	255	255	255	255	255	0	0	255	255	255	255	255	255	0	0	255	255	255	255	255	255	0	0	255	255	255	255	255	255	0	255	0	0	0	0	0	255	255	S-A
43	255	255	255	0	0	255	255	255	255	255	0	255	255	0	255	255	255	0	255	255	255	255	0	255	0	255	255	255	255	255	255	0	0	255	255	255	255	255	255	0	0	255	255	255	255	255	255	0	0	255	255	255	255	255	255	0	0	255	255	255	255	255	255	0	0	255	255	255	255	255	255	0	0	255	255	0	0	0	255	0	S-A
44	255	255	255	0	0	255	255	255	255	255	0	255	255	0	255	255	255	0	255	255	255	255	0	255	0	255	255	255	255	255	255	0	0	255	255	255	255	255	255	0	0	255	255	255	255	255	255	0	0	0	0	0	0	255	255	0	0	255	255	255	255	255	255	0	0	255	255	255	255	255	255	0	0	255	255	255	255	255	255	0	S-A
45	255	255	255	0	0	255	255	255	255	255	0	255	255	0	255	255	255	0	255	255	255	255	0	255	0	255	255	255	255	255	255	0	0	255	255	255	255	255	255	0	0	255	255	255	255	255	255	0	0	0	0	0	0	0	0	0	0	255	255	255	255	255	255	0	0	255	255	255	255	255	255	0	0	255	255	255	255	255	255	0	S-A
46	255	255	255	0	0	255	255	255	255	255	0	255	255	0	255	255	255	0	255	255	255	255	0	255	0	255	255	255	255	255	255	0	0	255	255	255	255	255	255	0	0	255	255	255	255	255	255	0	0	0	0	0	0	0	0	0	0	255	255	255	255	255	255	0	0	255	255	255	255	255	255	0	0	255	255	255	255	255	255	0	A-K
47	255	255	255	0	0	255	255	255	255	255	0	255	255	0	255	255	255	0	255	255	255	255	0	255	0	255	255	255	255	255	255	0	0	255	255	255	255	255	255	0	0	255	255	255	255	255	255	0	0	0	0	0	0	0	0	0	0	255	255	255	255	255	255	255	0	255	255	255	255	255	255	255	0	255	255	255	255	255	255	255	A-K
48	255	255	255	0	0	255	255	255	255	255	0	255	255	0	255	255	255	0	255	255	255	255	0	255	0	255	255	255	255	255	255	255	0	255	255	255	255	255	255	255	0	255	255	255	255	255	255	255	0	0	0	0	0	0	0	0	0	255	255	255	255	255	255	255	0	255	255	255	255	255	255	255	0	255	255	255	255	255	255	255	A-K
49	0	255	255	0	0	255	255	255	0	255	0	255	255	0	255	255	0	0	255	255	255	255	0	255	0	255	255	255	255	255	255	255	0	255	255	255	255	255	255	255	0	255	255	255	255	255	255	255	0	0	0	0	0	0	0	0	0	255	255	255	255	255	255	255	0	255	255	255	255	255	255	255	0	255	255	255	255	255	255	255	A-K
50	0	255	255	0	0	255	255	255	0	255	0	255	255	0	255	255	0	0	255	255	255	255	0	255	0	255	255	255	255	255	255	255	0	255	255	255	255	255	255	255	0	255	255	255	255	255	255	255	0	0	0	0	0	255	255	255	0	255	255	255	255	255	255	255	0	255	255	255	255	255	255	255	0	255	255	255	255	255	255	255	A-K
51	0	255	255	0	0	255	255	255	0	255	0	255	255	255	255	255	0	0	255	255	255	255	255	255	0	255	255	255	255	255	255	255	0	255	255	255	255	255	255	255	0	255	255	255	255	255	255	255	0	255	255	255	255	255	255	255	0	255	255	255	255	255	255	255	0	255	255	255	255	255	255	255	0	255	255	255	255	255	255	255	A-K
52	0	255	255	0	255	255	255	255	0	255	0	255	0	255	255	255	0	0	255	0	255	255	255	255	0	255	0	255	255	255	255	255	0	0	255	255	255	255	255	255	0	255	255	255	255	255	255	255	0	255	255	255	255	255	255	255	0	255	255	255	255	255	255	255	0	255	255	255	255	255	255	255	0	255	255	255	255	255	255	255	A-K
53	0	255	255	255	255	0	0	0	0	255	255	255	0	255	255	255	0	255	255	0	255	255	255	255	0	255	0	255	255	255	255	255	0	0	255	255	255	255	255	255	0	255	255	255	255	255	255	255	0	255	255	255	255	255	255	255	0	255	255	255	255	255	255	255	0	255	255	255	255	255	255	255	0	255	255	255	255	255	255	255	A-K
54	0	255	255	255	255	0	0	0	0	255	255	255	0	255	255	255	0	255	255	0	255	255	255	255	0	255	0	255	255	255	255	255	0	0	255	255	255	255	255	255	0	255	0	255	255	255	255	255	0	255	255	0	255	255	255	255	0	255	255	255	255	255	255	255	0	255	255	255	255	255	255	255	0	255	255	255	255	255	255	255	A-K
55	0	255	255	255	255	0	0	0	0	255	255	255	0	255	255	255	0	255	255	0	255	255	255	255	0	255	0	255	255	255	255	255	0	0	255	255	255	255	255	255	0	255	0	255	255	255	255	255	0	255	255	0	255	255	255	255	0	255	255	255	0	255	255	255	0	255	255	255	255	0	255	255	0	255	255	255	255	255	0	0	A-K
56	0	255	255	255	255	0	0	0	0	255	255	255	0	255	255	255	0	255	255	0	255	255	255	255	0	255	0	255	255	255	255	255	0	0	255	255	255	255	255	255	0	255	0	255	255	255	255	255	0	255	255	0	255	255	255	255	0	255	255	255	0	255	255	255	0	255	255	255	255	0	255	255	0	255	255	255	255	255	0	0	K-3
57	255	255	255	255	255	0	0	255	0	255	255	255	0	255	255	255	0	255	255	0	255	255	255	255	0	255	0	255	255	255	255	255	0	0	255	255	255	255	255	255	0	255	0	255	255	255	255	255	0	255	255	0	255	255	255	255	0	255	255	255	0	255	255	255	0	255	255	255	255	0	255	255	255	255	255	255	255	255	0	255	K-3
58	255	255	255	255	255	0	0	255	0	255	255	255	0	255	255	0	0	255	255	0	255	255	255	0	0	255	0	255	255	255	255	0	0	0	255	255	255	255	255	0	0	255	0	255	255	255	0	255	0	255	255	0	255	255	255	0	0	255	255	255	0	255	255	0	0	255	255	255	255	0	255	0	255	255	255	255	255	255	0	255	K-3
59	255	255	255	255	255	0	0	255	0	255	255	255	255	255	255	0	0	255	255	255	255	255	255	0	0	255	255	255	255	255	255	0	0	0	255	255	255	255	255	0	0	255	0	255	255	255	0	255	0	255	255	255	255	255	255	0	0	255	255	255	255	255	255	0	0	255	255	255	255	255	255	0	255	255	255	255	255	255	0	255	K-3
60	255	255	255	255	0	0	0	255	0	255	255	255	255	255	255	0	0	255	255	255	255	255	255	0	0	255	255	255	255	255	255	0	0	0	255	255	255	255	255	0	0	255	255	255	255	255	0	255	0	255	255	255	255	255	255	0	0	255	255	255	255	255	255	0	0	255	255	255	255	255	255	0	255	255	255	255	0	0	0	255	K-3
61	255	255	255	255	0	0	0	255	0	255	255	255	255	255	255	0	0	255	255	255	255	255	255	0	0	255	255	255	255	255	255	0	255	255	255	255	255	255	255	0	255	255	255	255	255	255	0	255	0	255	255	255	255	255	255	0	0	255	255	255	255	255	255	0	0	255	255	255	255	255	255	0	255	255	255	255	0	0	0	255	K-3
62	255	255	255	0	0	0	0	255	0	255	255	255	255	255	255	0	0	255	255	255	255	255	255	0	0	255	255	255	255	255	255	0	255	255	255	255	255	255	255	0	255	255	255	255	255	255	0	255	0	255	255	255	255	255	255	0	0	255	255	255	255	255	255	0	0	255	255	255	255	255	255	0	255	255	0	0	0	0	0	255	K-3
63	255	0	0	0	0	0	0	255	0	255	255	255	255	255	255	0	0	255	255	255	255	255	255	0	0	255	255	255	255	255	255	0	255	255	255	255	255	255	255	0	255	255	255	255	255	255	0	255	255	255	255	255	255	255	255	0	255	255	255	255	255	255	255	0	0	255	255	255	255	255	255	0	255	0	0	0	0	0	0	255	K-3
64	255	0	0	0	0	0	0	255	0	255	255	255	255	255	255	0	255	255	255	255	255	255	255	0	255	255	255	255	255	255	255	0	255	255	255	255	255	255	255	0	255	255	255	255	0	0	0	255	255	255	255	255	255	255	255	0	255	255	255	255	255	255	255	0	0	255	255	255	255	255	255	0	255	0	0	0	0	0	0	255	K-3
65	255	0	0	0	0	0	0	255	0	255	255	255	255	255	255	0	255	255	255	255	255	255	255	0	255	255	255	255	255	255	255	0	255	255	255	255	255	255	255	0	255	0	0	0	0	0	0	255	255	255	255	255	255	255	255	0	255	255	255	255	255	255	255	0	0	255	255	255	255	255	255	0	255	0	0	0	0	0	0	255	K-3
66	255	0	0	0	0	0	0	255	0	255	255	255	255	255	255	0	255	255	255	255	255	255	255	0	255	255	255	255	255	255	255	0	255	255	255	255	255	255	255	0	255	0	0	0	0	0	0	255	255	255	255	255	255	255	255	0	255	255	255	255	255	255	255	0	0	255	255	255	255	255	255	0	255	0	0	0	0	0	0	255	3-O
67	255	255	0	0	0	0	255	255	0	255	255	255	255	255	255	0	255	255	255	255	255	255	255	0	255	255	255	255	255	255	255	0	255	255	255	255	255	255	255	0	255	0	0	0	0	0	0	255	255	255	255	255	255	255	255	0	255	255	255	255	255	255	255	0	0	255	255	255	255	255	255	0	255	255	0	0	0	0	255	255	3-O
68	255	255	0	0	0	0	255	255	255	0	255	255	255	255	0	255	255	255	255	255	255	255	255	0	255	255	255	255	255	255	255	0	255	255	255	255	255	255	255	0	255	0	0	0	0	0	0	255	255	255	255	255	255	255	255	0	255	255	255	255	255	255	255	0	255	0	255	255	255	255	0	255	255	255	0	0	0	0	255	255	3-O
69	255	255	0	0	0	0	255	255	255	0	255	255	255	255	0	255	255	255	255	255	255	255	255	0	255	255	255	255	255	255	255	0	255	255	255	255	255	255	255	0	255	255	255	255	0	0	0	255	255	255	255	255	255	255	255	0	255	255	255	255	255	255	255	0	255	0	255	255	255	255	0	255	255	255	0	0	0	0	255	255	3-O
70	255	255	0	0	0	0	255	255	255	0	255	255	255	255	0	255	255	255	255	255	255	255	255	0	255	255	255	255	255	255	255	0	255	255	255	255	255	255	255	0	255	255	255	255	255	255	255	0	255	255	255	255	255	255	255	0	255	255	255	255	255	255	255	0	255	0	255	255	255	255	0	255	255	255	0	0	0	0	255	255	3-O
71	255	255	0	0	0	0	255	255	255	0	255	255	255	255	0	255	0	255	255	255	255	255	255	0	255	255	255	255	255	255	255	0	255	255	255	255	255	255	255	0	255	255	255	255	255	255	255	0	255	255	255	255	255	255	255	0	255	255	255	255	255	255	255	0	255	0	255	255	255	255	0	255	255	255	0	0	0	0	255	255	3-O
72	255	255	0	0	0	0	255	255	255	0	255	255	255	255	0	255	0	255	255	255	255	255	255	0	255	255	255	255	255	255	255	0	255	255	255	255	255	255	255	0	255	255	255	255	255	255	255	0	255	255	255	255	255	255	255	0	0	255	255	255	255	255	255	0	255	0	255	255	255	255	0	255	255	255	0	0	0	0	255	255	3-O
73	255	255	0	0	0	0	255	255	255	0	255	255	255	255	0	255	0	255	255	255	255	255	255	0	255	255	255	255	255	255	255	0	255	255	255	255	255	255	255	0	255	255	255	255	255	255	255	0	0	255	255	255	255	255	255	0	0	255	255	255	255	255	255	0	255	0	255	255	255	255	0	255	255	255	0	0	0	0	255	255	3-O
74	255	255	0	0	0	0	255	255	255	0	255	255	255	255	0	255	0	255	255	255	255	255	255	0	255	255	255	255	255	255	255	0	255	255	255	255	255	255	255	0	0	255	255	255	255	255	255	0	0	255	255	255	255	255	255	0	0	255	255	255	255	255	255	0	255	0	255	255	255	255	0	255	255	255	0	0	0	0	255	255	3-O
75	255	255	0	0	0	0	255	255	255	0	255	255	255	255	0	255	0	255	255	255	255	255	255	0	0	255	255	255	255	255	255	0	0	255	255	255	255	255	255	0	0	255	255	255	255	255	255	0	0	255	255	255	255	255	255	0	0	255	255	255	255	255	255	0	255	0	255	255	255	255	0	255	255	255	0	0	0	0	255	255	3-O
